0.0000,0,1,2.2730,3
(0.1057,1,1),(0.2147,2,1),(0.3237,3,1),(0.4327,4,1),(0.5417,5,1),(0.6507,6,1),(0.7597,7,1),(0.8695,3),(0.9736,8,2),(1.0848,6),(1.1906,9,3),(1.2986,9,4),(1.4076,10,4),(1.5156,10,5),(1.6246,11,5),(1.7326,11,6),(1.8406,11,7),(1.9496,12,7),(2.0576,12,8),(2.1666,13,8)
0.0000,0,1,2.3820,3
(0.1064,1,0),(0.2154,2,0),(0.3244,3,0),(0.4334,4,0),(0.5424,5,0),(0.6514,6,0),(0.7604,7,0),(0.8684,7,1),(0.9774,8,1),(1.0830,3),(1.1938,9,2),(1.2973,6),(1.4065,10,3),(1.5145,10,4),(1.6236,10,5),(1.7336,11,5),(1.8416,11,6),(1.9496,11,7),(2.0586,12,7),(2.1666,12,8),(2.2756,13,8)
0.0000,0,1,2.4909,3
(0.1058,0,1),(0.2138,0,2),(0.3218,0,3),(0.4298,0,4),(0.5378,0,5),(0.6458,0,6),(0.7538,0,7),(0.8618,0,8),(0.9708,1,8),(1.0798,2,8),(1.1888,3,8),(1.2978,4,8),(1.4068,5,8),(1.5158,6,8),(1.6248,7,8),(1.7338,8,8),(1.8428,9,8),(1.9518,10,8),(2.0608,11,8),(2.1698,12,8),(2.3846,13,8)
0.0000,0,1,2.5954,1
(0.1065,0,0),(0.2155,1,0),(0.3245,2,0),(0.4335,3,0),(0.5425,4,0),(0.6515,5,0),(0.7605,6,0),(0.8695,7,0),(0.9775,7,1),(1.0872,3),(1.1913,8,2),(1.3025,6),(1.4082,9,3),(1.5162,9,4),(1.6252,10,4),(1.7332,10,5),(1.8426,11,5),(1.9506,11,6),(2.0586,11,7),(2.1676,12,7),(2.2756,12,8),(2.3836,12,9),(2.4926,13,9)
0.0000,1,0,2.2774,3
(0.1068,13,8),(0.2158,12,8),(0.3248,11,8),(0.4338,10,8),(0.5428,9,8),(0.6518,8,8),(0.7608,7,8),(0.8698,6,8),(0.9778,6,7),(1.0868,5,7),(1.1948,5,6),(1.3038,4,6),(1.4118,4,5),(1.5198,4,4),(1.6288,3,4),(1.7368,3,3),(1.8458,2,3),(1.9538,2,2),(2.0628,1,2),(2.1708,1,1)
0.0000,1,0,2.3864,3
(0.1037,13,9),(0.2127,12,9),(0.3217,11,9),(0.4307,10,9),(0.5397,9,9),(0.6487,8,9),(0.7577,7,9),(0.8657,7,8),(0.9788,6,8),(1.0868,6,7),(1.1958,5,7),(1.3038,5,6),(1.4128,4,6),(1.5208,4,5),(1.6288,4,4),(1.7378,3,4),(1.8458,3,3),(1.9548,2,3),(2.0628,2,2),(2.1718,1,2),(2.2798,1,1)
0.0000,1,0,2.4955,3
(0.1064,14,9),(0.2154,13,9),(0.3244,12,9),(0.4334,11,9),(0.5424,10,9),(0.6514,9,9),(0.7604,8,9),(0.8694,7,9),(0.9774,7,8),(1.0878,6,8),(1.1958,6,7),(1.3048,5,7),(1.4128,5,6),(1.5218,4,6),(1.6298,4,5),(1.7378,4,4),(1.8468,3,4),(1.9548,3,3),(2.0638,2,3),(2.1718,2,2),(2.2808,1,2),(2.3888,1,1)
0.0000,1,0,2.6045,1
(0.2074,13,9),(0.3207,13,8),(0.4297,12,8),(0.5387,11,8),(0.6477,10,8),(0.7567,9,8),(0.8657,8,8),(0.9747,7,8),(1.0868,7,7),(1.1958,6,7),(1.3038,6,6),(1.4128,5,6),(1.5208,5,5),(1.6298,4,5),(1.8458,4,4),(1.9558,3,4),(2.0638,3,3),(2.1728,2,3),(2.2808,2,2),(2.3898,1,2),(2.4978,1,1)
0.0000,0,2,2.7056,3
(0.1058,0,1),(0.2138,0,2),(0.3218,0,3),(0.4298,0,4),(0.5378,0,5),(0.6458,0,6),(0.7538,0,7),(0.8618,0,8),(0.9698,0,9),(1.0778,0,10),(1.1858,0,11),(1.2938,0,12),(1.4018,0,13),(1.5108,-1,13),(1.6198,-2,13),(1.7288,-3,13),(1.8378,-4,13),(1.9468,-5,13),(2.0558,-6,13),(2.1648,-7,13),(2.2738,-8,13),(2.3828,-9,13),(2.4918,-10,13),(2.5998,-10,14)
0.0000,0,2,2.8143,3
(0.1065,0,0),(0.2145,0,1),(0.3235,-1,1),(0.4315,-1,2),(0.5405,-2,2),(0.6485,-2,3),(0.7565,-2,4),(0.8655,-3,4),(0.9735,-3,5),(1.0825,-4,5),(1.1905,-4,6),(1.2995,-5,6),(1.4075,-5,7),(1.5165,-6,7),(1.6245,-6,8),(1.7325,-6,9),(1.8415,-7,9),(1.9495,-7,10),(2.0585,-8,10),(2.1665,-8,11),(2.2755,-9,11),(2.3835,-9,12),(2.4925,-10,12),(2.6005,-10,13),(2.7085,-10,14)
0.0000,0,2,2.9224,3
(0.1057,1,1),(0.2137,1,2),(0.3217,1,3),(0.4297,1,4),(0.5377,1,5),(0.6457,1,6),(0.7537,1,7),(0.8617,1,8),(0.9697,1,9),(1.0777,1,10),(1.1857,1,11),(1.2937,1,12),(1.4017,1,13),(1.5107,0,13),(1.6198,-1,13),(1.7288,-2,13),(1.8378,-3,13),(1.9468,-4,13),(2.0558,-5,13),(2.1648,-6,13),(2.2738,-7,13),(2.3828,-8,13),(2.4918,-9,13),(2.6008,-10,13),(2.8165,-10,14)
0.0000,0,2,3.0304,1
(0.1064,1,0),(0.2144,1,1),(0.3224,1,2),(0.4304,1,3),(0.5384,1,4),(0.6464,1,5),(0.7544,1,6),(0.8624,1,7),(0.9704,1,8),(1.0784,1,9),(1.1864,1,10),(1.2944,1,11),(1.4024,1,12),(1.5104,1,13),(1.6197,0,13),(1.7288,-1,13),(1.8378,-2,13),(1.9468,-3,13),(2.0558,-4,13),(2.1648,-5,13),(2.2738,-6,13),(2.3828,-7,13),(2.4918,-8,13),(2.6008,-9,13),(2.7098,-10,13),(2.9245,-10,14)
0.0000,2,0,2.7035,3
(0.1046,-10,14),(0.2126,-10,13),(0.3216,-9,13),(0.4296,-9,12),(0.5386,-8,12),(0.6466,-8,11),(0.7556,-7,11),(0.8636,-7,10),(0.9716,-7,9),(1.0806,-6,9),(1.1886,-6,8),(1.2976,-5,8),(1.4056,-5,7),(1.5146,-4,7),(1.6226,-4,6),(1.7316,-3,6),(1.8396,-3,5),(1.9476,-3,4),(2.0566,-2,4),(2.1646,-2,3),(2.2736,-1,3),(2.3816,-1,2),(2.4906,0,2),(2.5986,0,1)
0.0000,2,0,2.8133,3
(0.1055,-11,14),(0.2145,-10,14),(0.3225,-10,13),(0.4315,-9,13),(0.5395,-9,12),(0.6485,-8,12),(0.7565,-8,11),(0.8655,-7,11),(0.9735,-7,10),(1.0815,-7,9),(1.1905,-6,9),(1.2985,-6,8),(1.4075,-5,8),(1.5155,-5,7),(1.6245,-4,7),(1.7325,-4,6),(1.8415,-3,6),(1.9495,-3,5),(2.0575,-3,4),(2.1665,-2,4),(2.2745,-2,3),(2.3835,-1,3),(2.4915,-1,2),(2.6005,0,2),(2.7085,0,1)
0.0000,2,0,2.9224,3
(0.2092,-10,14),(0.3216,-9,14),(0.4296,-9,13),(0.5386,-8,13),(0.6466,-8,12),(0.7556,-7,12),(0.8636,-7,11),(0.9726,-6,11),(1.0806,-6,10),(1.1886,-6,9),(1.2976,-5,9),(1.4056,-5,8),(1.5146,-4,8),(1.6226,-4,7),(1.7316,-3,7),(1.8396,-3,6),(1.9486,-2,6),(2.0566,-2,5),(2.1679,7),(2.2725,-1,4),(2.3805,-1,3),(2.4906,0,3),(2.5986,0,2),(2.7076,1,2),(2.8156,1,1)
0.0000,2,0,2.9223,1
(0.2109,-11,14),(0.3235,-10,14),(0.4315,-10,13),(0.5405,-9,13),(0.6485,-9,12),(0.7575,-8,12),(0.8655,-8,11),(0.9745,-7,11),(1.0825,-7,10),(1.1905,-7,9),(1.2995,-6,9),(1.4075,-6,8),(1.5165,-5,8),(1.6245,-5,7),(1.7335,-4,7),(1.8415,-4,6),(1.9505,-3,6),(2.0585,-3,5),(2.1665,-3,4),(2.2755,-2,4),(2.3835,-2,3),(2.4925,-1,3),(2.6005,-1,2),(2.7095,0,2),(2.8175,0,1)
0.0000,1,2,3.2567,3
(0.1037,13,9),(0.2117,13,10),(0.3197,13,11),(0.4277,13,12),(0.5357,13,13),(0.6447,12,13),(0.7537,11,13),(0.8627,10,13),(0.9717,9,13),(1.0807,8,13),(1.1897,7,13),(1.2987,6,13),(1.4077,5,13),(1.5167,4,13),(1.6257,3,13),(1.7347,2,13),(1.8437,1,13),(1.9527,0,13),(2.0617,-1,13),(2.1707,-2,13),(2.2797,-3,13),(2.3887,-4,13),(2.4977,-5,13),(2.6067,-6,13),(2.7157,-7,13),(2.8247,-8,13),(2.9337,-9,13),(3.0427,-10,13),(3.1507,-10,14)
0.0000,1,2,3.3678,3
(0.1068,13,8),(0.2148,13,9),(0.3228,13,10),(0.4308,13,11),(0.5388,13,12),(0.6468,13,13),(0.7558,12,13),(0.8648,11,13),(0.9738,10,13),(1.0828,9,13),(1.1918,8,13),(1.3008,7,13),(1.4098,6,13),(1.5188,5,13),(1.6278,4,13),(1.7368,3,13),(1.8458,2,13),(1.9548,1,13),(2.0638,0,13),(2.1728,-1,13),(2.2818,-2,13),(2.3908,-3,13),(2.4998,-4,13),(2.6088,-5,13),(2.7178,-6,13),(2.8268,-7,13),(2.9358,-8,13),(3.0448,-9,13),(3.1538,-10,13),(3.2618,-10,14)
0.0000,1,2,3.4759,3
(0.1064,14,9),(0.2154,13,9),(0.4318,12,9),(0.5408,11,9),(0.6498,10,9),(0.7588,9,9),(0.8678,8,9),(0.9768,7,9),(1.0858,6,9),(1.1948,5,9),(1.3038,4,9),(1.4128,3,9),(1.5218,2,9),(1.6308,1,9),(1.7398,0,9),(1.8488,-1,9),(1.9578,-2,9),(2.0668,-3,9),(2.1758,-4,9),(2.2848,-5,9),(2.3938,-6,9),(2.5028,-7,9),(2.6108,-7,10),(2.7198,-8,10),(2.8278,-8,11),(2.9368,-9,11),(3.0448,-9,12),(3.1538,-10,12),(3.2618,-10,13),(3.3698,-10,14)
0.0000,1,2,3.3667,1
(0.2074,13,9),(0.3207,12,9),(0.4297,11,9),(0.5387,10,9),(0.6477,9,9),(0.7567,8,9),(0.8657,7,9),(0.9747,6,9),(1.0837,5,9),(1.1927,4,9),(1.3017,3,9),(1.4107,2,9),(1.5197,1,9),(1.6287,0,9),(1.7377,-1,9),(1.8467,-2,9),(1.9557,-3,9),(2.0647,-4,9),(2.1737,-5,9),(2.2827,-6,9),(2.3917,-7,9),(2.4997,-7,10),(2.6087,-8,10),(2.7167,-8,11),(2.8257,-9,11),(2.9337,-9,12),(3.0427,-10,12),(3.1507,-10,13),(3.2597,-11,13)
0.0000,2,1,3.2517,3
(0.1046,-10,14),(0.2136,-9,14),(0.3226,-8,14),(0.4316,-7,14),(0.5380,0),(0.6460,-6,13),(0.7550,-5,13),(0.8640,-4,13),(0.9730,-3,13),(1.0820,-2,13),(1.1910,-1,13),(1.3000,0,13),(1.4090,1,13),(1.5180,2,13),(1.6270,3,13),(1.7360,4,13),(1.8450,5,13),(1.9540,6,13),(2.0630,7,13),(2.1720,8,13),(2.2810,9,13),(2.3900,10,13),(2.4980,10,12),(2.6070,11,12),(2.7150,11,11),(2.8240,12,11),(2.9320,12,10),(3.0410,13,10),(3.1490,13,9)
0.0000,2,1,3.3616,3
(0.1055,-11,14),(0.2145,-10,14),(0.3235,-9,14),(0.4325,-8,14),(0.5415,-7,14),(0.6479,0),(0.7560,-6,13),(0.8650,-5,13),(0.9740,-4,13),(1.0830,-3,13),(1.1920,-2,13),(1.3010,-1,13),(1.4100,0,13),(1.5190,1,13),(1.6280,2,13),(1.7370,3,13),(1.8460,4,13),(1.9550,5,13),(2.0640,6,13),(2.1730,7,13),(2.2820,8,13),(2.3910,9,13),(2.5000,10,13),(2.6080,10,12),(2.7170,11,12),(2.8250,11,11),(2.9340,12,11),(3.0420,12,10),(3.1510,13,10),(3.2590,13,9)
0.0000,2,1,3.4704,3
(0.2092,-10,14),(0.3172,-10,13),(0.4252,-10,12),(0.5332,-10,11),(0.6412,-10,10),(0.7492,-10,9),(0.8572,-10,8),(0.9662,-9,8),(1.0752,-8,8),(1.1842,-7,8),(1.2932,-6,8),(1.4022,-5,8),(1.5112,-4,8),(1.6202,-3,8),(1.7292,-2,8),(1.8382,-1,8),(1.9472,0,8),(2.0562,1,8),(2.1652,2,8),(2.2742,3,8),(2.3832,4,8),(2.4922,5,8),(2.6012,6,8),(2.7102,7,8),(2.8192,8,8),(2.9282,9,8),(3.0372,10,8),(3.1462,11,8),(3.2552,12,8),(3.3642,13,8)
0.0000,2,1,3.4706,1
(0.2109,-11,14),(0.3235,-10,14),(0.4325,-9,14),(0.5415,-8,14),(0.6505,-7,14),(0.7569,0),(0.8650,-6,13),(0.9740,-5,13),(1.0830,-4,13),(1.1920,-3,13),(1.3010,-2,13),(1.4100,-1,13),(1.5190,0,13),(1.6280,1,13),(1.7370,2,13),(1.8460,3,13),(1.9550,4,13),(2.0640,5,13),(2.1730,6,13),(2.2820,7,13),(2.3910,8,13),(2.5000,9,13),(2.6090,10,13),(2.7170,10,12),(2.8260,11,12),(2.9340,11,11),(3.0430,12,11),(3.1510,12,10),(3.2600,13,10),(3.3680,13,9)
4.7000,0,1,2.3769,3
(4.8042,0,1),(4.9132,1,1),(5.0222,2,1),(5.1312,3,1),(5.2402,4,1),(5.3492,5,1),(5.4582,6,1),(5.5672,7,1),(5.6752,3),(5.7804,8,2),(5.8893,6),(5.9948,9,3),(6.1028,9,4),(6.2118,10,4),(6.3198,10,5),(6.4278,10,6),(6.5368,11,6),(6.6448,11,7),(6.7538,12,7),(6.8618,12,8),(6.9708,13,8)
4.7000,0,1,2.4884,3
(4.8051,0,0),(4.9141,1,0),(5.0231,2,0),(5.1321,3,0),(5.2411,4,0),(5.3501,5,0),(5.4591,6,0),(5.5681,7,0),(5.6761,7,1),(5.7840,3),(5.8893,8,2),(5.9973,8,3),(6.1063,9,3),(6.2143,9,4),(6.3233,10,4),(6.4313,10,5),(6.5393,10,6),(6.6483,11,6),(6.7563,11,7),(6.8653,12,7),(6.9733,12,8),(7.0823,13,8)
4.7000,0,1,2.5918,3
(4.9085,0,1),(5.0165,0,2),(5.1245,0,3),(5.2325,0,4),(5.3405,0,5),(5.4485,0,6),(5.5565,0,7),(5.6645,0,8),(5.7735,1,8),(5.8825,2,8),(5.9915,3,8),(6.1005,4,8),(6.2095,5,8),(6.3185,6,8),(6.4275,7,8),(6.5365,8,8),(6.6455,9,8),(6.7545,10,8),(6.8635,11,8),(6.9725,12,8),(7.0805,12,9),(7.1895,13,9)
4.7000,0,1,2.5974,1
(4.9103,0,0),(5.0183,0,1),(5.1263,0,2),(5.2343,0,3),(5.3423,0,4),(5.4503,0,5),(5.5583,0,6),(5.6663,0,7),(5.7743,0,8),(5.8833,1,8),(5.9923,2,8),(6.1013,3,8),(6.2103,4,8),(6.3193,5,8),(6.4283,6,8),(6.5373,7,8),(6.6463,8,8),(6.7553,9,8),(6.8643,10,8),(6.9733,11,8),(7.0823,12,8),(7.1913,13,8)
4.7000,1,0,2.3829,3
(4.8061,13,8),(4.9151,12,8),(5.0241,11,8),(5.1331,10,8),(5.2421,9,8),(5.3511,8,8),(5.4601,7,8),(5.5691,6,8),(5.6771,6,7),(5.7861,5,7),(5.8941,5,6),(6.0031,4,6),(6.1111,4,5),(6.2201,3,5),(6.3281,3,4),(6.4371,2,4),(6.5451,2,3),(6.6531,2,2),(6.7621,1,2),(6.8701,1,1),(6.9791,0,1)
4.7000,1,0,2.4919,3
(4.8023,13,9),(4.9113,12,9),(5.0203,11,9),(5.1293,10,9),(5.2383,9,9),(5.3473,8,9),(5.4563,7,9),(5.5653,6,9),(5.6733,6,8),(5.7851,6,7),(5.8951,5,7),(6.0031,5,6),(6.1121,4,6),(6.2201,4,5),(6.3291,3,5),(6.4371,3,4),(6.5461,2,4),(6.6541,2,3),(6.7621,2,2),(6.8711,1,2),(6.9791,1,1),(7.0881,0,1)
4.7000,1,0,2.6009,3
(4.9046,13,9),(5.0203,12,9),(5.1293,11,9),(5.2383,10,9),(5.3473,9,9),(5.4563,8,9),(5.5653,7,9),(5.6743,6,9),(5.7823,6,8),(5.8931,6,7),(6.0041,5,7),(6.1121,5,6),(6.2211,4,6),(6.3291,4,5),(6.4381,3,5),(6.5461,3,4),(6.6551,2,4),(6.7631,2,3),(6.8711,2,2),(6.9801,1,2),(7.0881,1,1),(7.1971,0,1)
4.7000,1,0,2.5980,1
(4.9122,13,8),(5.0202,13,7),(5.1282,13,6),(5.2362,13,5),(5.3442,13,4),(5.4522,13,3),(5.5602,13,2),(5.6682,13,1),(5.7762,13,0),(5.8852,12,0),(5.9942,11,0),(6.1032,10,0),(6.2122,9,0),(6.3212,8,0),(6.4302,7,0),(6.5392,6,0),(6.6482,5,0),(6.7572,4,0),(6.8662,3,0),(6.9752,2,0),(7.0842,1,0),(7.1932,0,0)
4.7000,0,2,2.7055,3
(4.8042,0,1),(4.9122,0,2),(5.0202,0,3),(5.1282,0,4),(5.2362,0,5),(5.3442,0,6),(5.4522,0,7),(5.5602,0,8),(5.6682,0,9),(5.7762,0,10),(5.8842,0,11),(5.9922,0,12),(6.1002,0,13),(6.2092,-1,13),(6.3182,-2,13),(6.4272,-3,13),(6.5362,-4,13),(6.6452,-5,13),(6.7542,-6,13),(6.8632,-7,13),(6.9722,-8,13),(7.0812,-9,13),(7.1902,-10,13),(7.2992,-11,13)
4.7000,0,2,2.8145,3
(4.8051,0,0),(4.9131,0,1),(5.0211,0,2),(5.1291,0,3),(5.2371,0,4),(5.3451,0,5),(5.4531,0,6),(5.5611,0,7),(5.6691,0,8),(5.7771,0,9),(5.8851,0,10),(5.9931,0,11),(6.1011,0,12),(6.2091,0,13),(6.3182,-1,13),(6.4272,-2,13),(6.5362,-3,13),(6.6452,-4,13),(6.7542,-5,13),(6.8632,-6,13),(6.9722,-7,13),(7.0812,-8,13),(7.1902,-9,13),(7.2992,-10,13),(7.4082,-11,13)
4.7000,0,2,2.9235,3
(4.9085,0,1),(5.1301,-1,1),(5.2381,-1,2),(5.3471,-2,2),(5.4551,-2,3),(5.5641,-3,3),(5.6721,-3,4),(5.7801,-3,5),(5.8891,-4,5),(5.9971,-4,6),(6.1061,-5,6),(6.2141,-5,7),(6.3231,-6,7),(6.4311,-6,8),(6.5401,-7,8),(6.6481,-7,9),(6.7561,-7,10),(6.8651,-8,10),(6.9731,-8,11),(7.0821,-9,11),(7.1901,-9,12),(7.2991,-10,12),(7.4071,-10,13),(7.5172,-11,13)
4.7000,0,2,3.0324,1
(4.9103,0,0),(5.0211,0,1),(5.1291,0,2),(5.2381,-1,2),(5.3461,-1,3),(5.4551,-2,3),(5.5631,-2,4),(5.6721,-3,4),(5.8881,-3,5),(5.9981,-4,5),(6.1061,-4,6),(6.2151,-5,6),(6.3231,-5,7),(6.4321,-6,7),(6.5401,-6,8),(6.6491,-7,8),(6.7571,-7,9),(6.8651,-7,10),(6.9741,-8,10),(7.0821,-8,11),(7.1911,-9,11),(7.2991,-9,12),(7.4081,-10,12),(7.5161,-10,13),(7.6262,-11,13)
4.7000,2,0,2.7045,3
(4.8067,-10,14),(4.9147,-10,13),(5.0237,-9,13),(5.1317,-9,12),(5.2407,-8,12),(5.3487,-8,11),(5.4567,-8,10),(5.5657,-7,10),(5.6737,-7,9),(5.7827,-6,9),(5.8907,-6,8),(5.9997,-5,8),(6.1077,-5,7),(6.2157,-5,6),(6.3247,-4,6),(6.4327,-4,5),(6.5417,-3,5),(6.6497,-3,4),(6.7587,-2,4),(6.8667,-2,3),(6.9757,-1,3),(7.0837,-1,2),(7.1917,-1,1),(7.3007,0,1)
4.7000,2,0,2.8135,3
(4.8066,-11,13),(4.9156,-10,13),(5.0236,-10,12),(5.1326,-9,12),(5.2406,-9,11),(5.3496,-8,11),(5.5647,-8,10),(5.6747,-7,10),(5.7827,-7,9),(5.8917,-6,9),(5.9997,-6,8),(6.1087,-5,8),(6.2167,-5,7),(6.3247,-5,6),(6.4337,-4,6),(6.5417,-4,5),(6.6507,-3,5),(6.7587,-3,4),(6.8677,-2,4),(6.9757,-2,3),(7.0847,-1,3),(7.1927,-1,2),(7.3007,-1,1),(7.4097,0,1)
4.7000,2,0,2.9192,3
(4.8035,-11,14),(4.9115,-11,13),(5.0195,-11,12),(5.1275,-11,11),(5.2355,-11,10),(5.3435,-11,9),(5.4515,-11,8),(5.5595,-11,7),(5.6675,-11,6),(5.7755,-11,5),(5.8835,-11,4),(5.9915,-11,3),(6.0995,-11,2),(6.2075,-11,1),(6.3155,-11,0),(6.4245,-10,0),(6.5335,-9,0),(6.6425,-8,0),(6.7515,-7,0),(6.8605,-6,0),(6.9695,-5,0),(7.0785,-4,0),(7.1875,-3,0),(7.2965,-2,0),(7.4055,-1,0),(7.5145,0,0)
4.7000,2,0,2.9224,1
(4.9069,-11,14),(5.0205,-10,14),(5.1285,-10,13),(5.2375,-9,13),(5.3455,-9,12),(5.4545,-8,12),(5.5625,-8,11),(5.6727,-8,10),(5.7837,-7,10),(5.8917,-7,9),(6.0007,-6,9),(6.1087,-6,8),(6.2177,-5,8),(6.3257,-5,7),(6.4337,-5,6),(6.5427,-4,6),(6.6507,-4,5),(6.7597,-3,5),(6.8677,-3,4),(6.9767,-2,4),(7.0847,-2,3),(7.1937,-1,3),(7.3017,-1,2),(7.4097,-1,1),(7.5187,0,1)
4.7000,1,2,3.2565,3
(4.8023,13,9),(4.9103,13,10),(5.0183,13,11),(5.1263,13,12),(5.2343,13,13),(5.3433,12,13),(5.4523,11,13),(5.5613,10,13),(5.6703,9,13),(5.7793,8,13),(5.8883,7,13),(5.9973,6,13),(6.1063,5,13),(6.2153,4,13),(6.3243,3,13),(6.4333,2,13),(6.5423,1,13),(6.6513,0,13),(6.7603,-1,13),(6.8693,-2,13),(6.9783,-3,13),(7.0873,-4,13),(7.1963,-5,13),(7.3053,-6,13),(7.4143,-7,13),(7.5233,-8,13),(7.6323,-9,13),(7.7413,-10,13),(7.8503,-11,13)
4.7000,1,2,3.3683,3
(4.8061,13,8),(4.9141,13,9),(5.0221,13,10),(5.1301,13,11),(5.2381,13,12),(5.3461,13,13),(5.4551,12,13),(5.5641,11,13),(5.6731,10,13),(5.7821,9,13),(5.8911,8,13),(6.0001,7,13),(6.1091,6,13),(6.2181,5,13),(6.3271,4,13),(6.4361,3,13),(6.5451,2,13),(6.6541,1,13),(6.7631,0,13),(6.8721,-1,13),(6.9811,-2,13),(7.0901,-3,13),(7.1991,-4,13),(7.3081,-5,13),(7.4171,-6,13),(7.5261,-7,13),(7.6351,-8,13),(7.7441,-9,13),(7.8531,-10,13),(7.9621,-11,13)
4.7000,1,2,3.4698,3
(4.9046,13,9),(5.0193,12,9),(5.1283,11,9),(5.2373,10,9),(5.3463,9,9),(5.4553,8,9),(5.5643,7,9),(5.6733,6,9),(5.7823,5,9),(5.8913,4,9),(6.0003,3,9),(6.1093,2,9),(6.2183,1,9),(6.3273,0,9),(6.4363,-1,9),(6.5453,-2,9),(6.6543,-3,9),(6.7633,-4,9),(6.8723,-5,9),(6.9813,-6,9),(7.0903,-7,9),(7.1983,-7,10),(7.3073,-8,10),(7.4153,-8,11),(7.5243,-9,11),(7.6323,-9,12),(7.7413,-10,12),(7.8493,-10,13),(7.9583,-10,14),(8.0673,-11,14)
4.7000,1,2,3.4773,1
(4.9122,13,8),(5.0231,12,8),(5.1321,11,8),(5.2411,10,8),(5.3501,9,8),(5.4591,8,8),(5.5681,7,8),(5.6771,6,8),(5.7861,5,8),(5.8951,4,8),(6.0041,3,8),(6.1131,2,8),(6.2221,1,8),(6.3311,0,8),(6.4401,-1,8),(6.5491,-2,8),(6.6581,-3,8),(6.7671,-4,8),(6.8761,-5,8),(6.9851,-6,8),(7.0941,-7,8),(7.2021,-7,9),(7.3101,-7,10),(7.4191,-8,10),(7.5271,-8,11),(7.6361,-9,11),(7.7441,-9,12),(7.8531,-10,12),(7.9611,-10,13),(8.0711,-11,13)
4.7000,2,1,3.2519,3
(4.8067,-10,14),(4.9157,-9,14),(5.0247,-8,14),(5.1350,0),(5.2375,-7,13),(5.3465,-6,13),(5.4555,-5,13),(5.5645,-4,13),(5.6735,-3,13),(5.7825,-2,13),(5.8915,-1,13),(6.0005,0,13),(6.1095,1,13),(6.2185,2,13),(6.3275,3,13),(6.4365,4,13),(6.5455,5,13),(6.6545,6,13),(6.7635,7,13),(6.8725,8,13),(6.9815,9,13),(7.0905,10,13),(7.1985,10,12),(7.3075,11,12),(7.4155,11,11),(7.5245,12,11),(7.6325,12,10),(7.7405,12,9),(7.8495,13,9)
4.7000,2,1,3.3610,3
(4.8066,-11,13),(4.9156,-10,13),(5.0246,-9,13),(5.1336,-8,13),(5.2426,-7,13),(5.4555,-6,13),(5.5645,-5,13),(5.6735,-4,13),(5.7825,-3,13),(5.8915,-2,13),(6.0005,-1,13),(6.1095,0,13),(6.2185,1,13),(6.3275,2,13),(6.4365,3,13),(6.5455,4,13),(6.6545,5,13),(6.7635,6,13),(6.8725,7,13),(6.9815,8,13),(7.0905,9,13),(7.1995,10,13),(7.3075,10,12),(7.4165,11,12),(7.5245,11,11),(7.6335,12,11),(7.7415,12,10),(7.8495,12,9),(7.9585,13,9)
4.7000,2,1,3.4700,3
(4.8035,-11,14),(4.9125,-10,14),(5.0247,-9,14),(5.1337,-8,14),(5.2427,-7,14),(5.3491,0),(5.4594,-6,13),(5.6735,-5,13),(5.7825,-4,13),(5.8915,-3,13),(6.0005,-2,13),(6.1095,-1,13),(6.2185,0,13),(6.3275,1,13),(6.4365,2,13),(6.5455,3,13),(6.6545,4,13),(6.7635,5,13),(6.8725,6,13),(6.9815,7,13),(7.0905,8,13),(7.1995,9,13),(7.3085,10,13),(7.4165,10,12),(7.5255,11,12),(7.6335,11,11),(7.7425,12,11),(7.8505,12,10),(7.9585,12,9),(8.0675,13,9)
4.7000,2,1,3.5771,1
(4.9069,-11,14),(5.0149,-11,13),(5.1229,-11,12),(5.2309,-11,11),(5.3389,-11,10),(5.4469,-11,9),(5.5549,-11,8),(5.6639,-10,8),(5.7729,-9,8),(5.8819,-8,8),(5.9909,-7,8),(6.0999,-6,8),(6.2089,-5,8),(6.3179,-4,8),(6.4269,-3,8),(6.5359,-2,8),(6.6449,-1,8),(6.7539,0,8),(6.8629,1,8),(6.9719,2,8),(7.0809,3,8),(7.1899,4,8),(7.2989,5,8),(7.4079,6,8),(7.5169,7,8),(7.6259,8,8),(7.7349,9,8),(7.8439,10,8),(7.9529,11,8),(8.0619,12,8),(8.1709,13,8)
16.4000,0,1,2.2732,3
(16.5051,0,1),(16.6141,1,1),(16.7231,2,1),(16.8321,3,1),(16.9411,4,1),(17.0501,5,1),(17.1591,6,1),(17.2696,3),(17.3736,7,2),(17.4816,7,3),(17.5906,8,3),(17.6986,8,4),(17.8076,9,4),(17.9156,9,5),(18.0246,10,5),(18.1326,10,6),(18.2416,11,6),(18.3496,11,7),(18.4576,11,8),(18.5666,12,8)
16.4000,0,1,2.3822,3
(16.5059,0,0),(16.6149,1,0),(16.7239,2,0),(16.8329,3,0),(16.9419,4,0),(17.0509,5,0),(17.1599,6,0),(17.2679,6,1),(17.3769,7,1),(17.4824,3),(17.5925,8,2),(17.6964,6),(17.8049,9,3),(17.9129,9,4),(18.0236,9,5),(18.1336,10,5),(18.2416,10,6),(18.3506,11,6),(18.4586,11,7),(18.5666,11,8),(18.6756,12,8)
16.4000,0,1,2.4912,3
(16.5065,-1,1),(16.6145,-1,2),(16.7225,-1,3),(16.8305,-1,4),(16.9385,-1,5),(17.0465,-1,6),(17.1545,-1,7),(17.2625,-1,8),(17.3715,0,8),(17.4805,1,8),(17.5895,2,8),(17.6985,3,8),(17.8075,4,8),(17.9165,5,8),(18.0255,6,8),(18.1345,7,8),(18.2435,8,8),(18.3525,9,8),(18.4615,10,8),(18.5705,11,8),(18.7846,12,8)
16.4000,0,1,2.4857,1
(16.6103,0,1),(16.7183,0,2),(16.8263,0,3),(16.9343,0,4),(17.0423,0,5),(17.1503,0,6),(17.2583,0,7),(17.3663,0,8),(17.4743,0,9),(17.5833,1,9),(17.6923,2,9),(17.8013,3,9),(17.9103,4,9),(18.0193,5,9),(18.1283,6,9),(18.2373,7,9),(18.3463,8,9),(18.4553,9,9),(18.5643,10,9),(18.6733,11,9),(18.7823,12,9)
16.4000,1,0,2.3824,3
(16.5044,12,9),(16.6134,11,9),(16.7224,10,9),(16.8314,9,9),(16.9404,8,9),(17.0494,7,9),(17.1584,6,9),(17.2664,6,8),(17.3754,5,8),(17.4834,5,7),(17.5924,4,7),(17.7004,4,6),(17.8094,3,6),(17.9174,3,5),(18.0254,3,4),(18.1344,2,4),(18.2424,2,3),(18.3514,1,3),(18.4594,1,2),(18.5684,0,2),(18.6764,0,1)
16.4000,1,0,2.4927,3
(16.5057,13,9),(16.6147,12,9),(16.7237,11,9),(16.8327,10,9),(16.9417,9,9),(17.0507,8,9),(17.1597,7,9),(17.2687,6,9),(17.3767,6,8),(17.4857,5,8),(17.5937,5,7),(17.7027,4,7),(17.8107,4,6),(17.9197,3,6),(18.0277,3,5),(18.1357,3,4),(18.2447,2,4),(18.3527,2,3),(18.4617,1,3),(18.5697,1,2),(18.6787,0,2),(18.7867,0,1)
16.4000,1,0,2.5955,3
(16.6088,12,9),(16.7168,12,8),(16.8248,12,7),(16.9328,12,6),(17.0408,12,5),(17.1488,12,4),(17.2568,12,3),(17.3648,12,2),(17.4728,12,1),(17.5808,12,0),(17.6898,11,0),(17.7988,10,0),(17.9078,9,0),(18.0168,8,0),(18.1258,7,0),(18.2348,6,0),(18.3438,5,0),(18.4528,4,0),(18.5618,3,0),(18.6708,2,0),(18.7798,1,0),(18.8888,0,0)
16.4000,1,0,2.6017,1
(16.6114,13,9),(16.7237,12,9),(16.8327,11,9),(16.9417,10,9),(17.0507,9,9),(17.1597,8,9),(17.2687,7,9),(17.3777,6,9),(17.4857,6,8),(17.5947,5,8),(17.7027,5,7),(17.8117,4,7),(17.9197,4,6),(18.0287,3,6),(18.1367,3,5),(18.2447,3,4),(18.3537,2,4),(18.4617,2,3),(18.5707,1,3),(18.6787,1,2),(18.7877,0,2),(18.8957,0,1)
16.4000,0,2,2.7055,3
(16.5065,-1,1),(16.6145,-1,2),(16.7225,-1,3),(16.8305,-1,4),(16.9385,-1,5),(17.0465,-1,6),(17.1545,-1,7),(17.2625,-1,8),(17.3705,-1,9),(17.4785,-1,10),(17.5865,-1,11),(17.6945,-1,12),(17.8025,-1,13),(17.9115,-2,13),(18.0205,-3,13),(18.1295,-4,13),(18.2385,-5,13),(18.3475,-6,13),(18.4565,-7,13),(18.5655,-8,13),(18.6745,-9,13),(18.7835,-10,13),(18.8925,-11,13),(19.0005,-11,14)
16.4000,0,2,2.8135,3
(16.5051,0,1),(16.6141,-1,1),(16.7235,-2,1),(16.8315,-2,2),(16.9395,-2,3),(17.0485,-3,3),(17.1565,-3,4),(17.2655,-4,4),(17.3735,-4,5),(17.4825,-5,5),(17.5905,-5,6),(17.6995,-6,6),(17.8075,-6,7),(17.9165,-7,7),(18.0245,-7,8),(18.1325,-7,9),(18.2415,-8,9),(18.3495,-8,10),(18.4585,-9,10),(18.5665,-9,11),(18.6755,-10,11),(18.7835,-10,12),(18.8925,-11,12),(19.0005,-11,13),(19.1085,-11,14)
16.4000,0,2,2.9220,3
(16.5059,0,0),(16.6139,0,1),(16.7219,0,2),(16.8299,0,3),(16.9379,0,4),(17.0459,0,5),(17.1539,0,6),(17.2619,0,7),(17.3699,0,8),(17.4779,0,9),(17.5859,0,10),(17.6939,0,11),(17.8019,0,12),(17.9099,0,13),(18.0189,-1,13),(18.1279,-2,13),(18.2369,-3,13),(18.3459,-4,13),(18.4549,-5,13),(18.5639,-6,13),(18.6729,-7,13),(18.7819,-8,13),(18.8909,-9,13),(18.9999,-10,13),(19.1089,-11,13),(19.2169,-11,14)
16.4000,0,2,3.0301,1
(16.6103,0,1),(16.8309,-1,1),(16.9399,-2,1),(17.0479,-2,2),(17.1569,-3,2),(17.2649,-3,3),(17.3729,-3,4),(17.4819,-4,4),(17.5899,-4,5),(17.6989,-5,5),(17.8069,-5,6),(17.9159,-6,6),(18.0239,-6,7),(18.1329,-7,7),(18.2409,-7,8),(18.3489,-7,9),(18.4579,-8,9),(18.5659,-8,10),(18.6749,-9,10),(18.7829,-9,11),(18.8919,-10,11),(18.9999,-10,12),(19.1089,-11,12),(19.2169,-11,13),(19.3249,-11,14)
16.4000,2,0,2.5984,3
(16.5069,-11,13),(16.6159,-10,13),(16.7239,-10,12),(16.8329,-9,12),(16.9409,-9,11),(17.0499,-8,11),(17.1579,-8,10),(17.2659,-8,9),(17.3749,-7,9),(17.4829,-7,8),(17.5919,-6,8),(17.6999,-6,7),(17.8089,-5,7),(17.9169,-5,6),(18.0259,-4,6),(18.1339,-4,5),(18.2419,-4,4),(18.3509,-3,4),(18.4589,-3,3),(18.5679,-2,3),(18.6759,-2,2),(18.7849,-1,2),(18.8929,-1,1)
16.4000,2,0,2.7073,3
(16.5039,-11,14),(16.6119,-11,13),(16.7249,-10,13),(16.8329,-10,12),(16.9419,-9,12),(17.0499,-9,11),(17.1589,-8,11),(17.2669,-8,10),(17.3749,-8,9),(17.4839,-7,9),(17.5919,-7,8),(17.7009,-6,8),(17.8089,-6,7),(17.9179,-5,7),(18.0259,-5,6),(18.1349,-4,6),(18.2429,-4,5),(18.3509,-4,4),(18.4599,-3,4),(18.5679,-3,3),(18.6769,-2,3),(18.7849,-2,2),(18.8939,-1,2),(19.0019,-1,1)
16.4000,2,0,2.8163,3
(16.5062,-12,14),(16.6152,-11,14),(16.7232,-11,13),(16.8339,-10,13),(16.9419,-10,12),(17.0509,-9,12),(17.1589,-9,11),(17.2679,-8,11),(17.3759,-8,10),(17.4839,-8,9),(17.5929,-7,9),(17.7009,-7,8),(17.8099,-6,8),(17.9179,-6,7),(18.0269,-5,7),(18.1349,-5,6),(18.2439,-4,6),(18.3519,-4,5),(18.4599,-4,4),(18.5689,-3,4),(18.6769,-3,3),(18.7859,-2,3),(18.8939,-2,2),(19.0029,-1,2),(19.1109,-1,1)
16.4000,2,0,2.9251,1
(16.6079,-11,14),(16.7209,-10,14),(16.8289,-10,13),(16.9419,-9,13),(17.0499,-9,12),(17.1589,-8,12),(17.2669,-8,11),(17.3759,-7,11),(17.4839,-7,10),(17.5919,-7,9),(17.7009,-6,9),(17.8089,-6,8),(17.9179,-5,8),(18.0259,-5,7),(18.1349,-4,7),(18.2429,-4,6),(18.3519,-3,6),(18.4599,-3,5),(18.5679,-3,4),(18.6769,-2,4),(18.7849,-2,3),(18.8939,-1,3),(19.0019,-1,2),(19.1109,0,2),(19.2189,0,1)
16.4000,1,2,3.2567,3
(16.5044,12,9),(16.6124,12,10),(16.7204,12,11),(16.8284,12,12),(16.9364,12,13),(17.0454,11,13),(17.1544,10,13),(17.2634,9,13),(17.3724,8,13),(17.4814,7,13),(17.5904,6,13),(17.6994,5,13),(17.8084,4,13),(17.9174,3,13),(18.0264,2,13),(18.1354,1,13),(18.2444,0,13),(18.3534,-1,13),(18.4624,-2,13),(18.5714,-3,13),(18.6804,-4,13),(18.7894,-5,13),(18.8984,-6,13),(19.0074,-7,13),(19.1164,-8,13),(19.2254,-9,13),(19.3344,-10,13),(19.4434,-11,13),(19.5514,-11,14)
16.4000,1,2,3.3670,3
(16.5057,13,9),(16.6137,13,10),(16.7217,13,11),(16.8297,13,12),(16.9377,13,13),(17.0467,12,13),(17.1557,11,13),(17.2647,10,13),(17.3737,9,13),(17.4827,8,13),(17.5917,7,13),(17.7007,6,13),(17.8097,5,13),(17.9187,4,13),(18.0277,3,13),(18.1367,2,13),(18.2457,1,13),(18.3547,0,13),(18.4637,-1,13),(18.5727,-2,13),(18.6817,-3,13),(18.7907,-4,13),(18.8997,-5,13),(19.0087,-6,13),(19.1177,-7,13),(19.2267,-8,13),(19.3357,-9,13),(19.4447,-10,13),(19.5537,-11,13),(19.6617,-11,14)
16.4000,1,2,3.4731,3
(16.6088,12,9),(16.7214,11,9),(16.8304,10,9),(16.9394,9,9),(17.0484,8,9),(17.1574,7,9),(17.2664,6,9),(17.3754,5,9),(17.4844,4,9),(17.5934,3,9),(17.7024,2,9),(17.8114,1,9),(17.9204,0,9),(18.0294,-1,9),(18.1384,-2,9),(18.2474,-3,9),(18.3564,-4,9),(18.4654,-5,9),(18.5744,-6,9),(18.6834,-7,9),(18.7924,-8,9),(18.9004,-8,10),(19.0094,-9,10),(19.1174,-9,11),(19.2264,-10,11),(19.3344,-10,12),(19.4434,-11,12),(19.5514,-11,13),(19.6604,-12,13),(19.7684,-12,14)
16.4000,1,2,3.4750,1
(16.6114,13,9),(16.7227,12,9),(16.8317,11,9),(16.9407,10,9),(17.0497,9,9),(17.1587,8,9),(17.2677,7,9),(17.3767,6,9),(17.4857,5,9),(17.5947,4,9),(17.7037,3,9),(17.8127,2,9),(17.9217,1,9),(18.0307,0,9),(18.1397,-1,9),(18.2487,-2,9),(18.3577,-3,9),(18.4667,-4,9),(18.5757,-5,9),(18.6847,-6,9),(18.7937,-7,9),(18.9027,-8,9),(19.0107,-8,10),(19.1197,-9,10),(19.2277,-9,11),(19.3367,-10,11),(19.4447,-10,12),(19.5537,-11,12),(19.6617,-11,13),(19.7697,-11,14)
16.4000,2,1,3.1491,3
(16.5069,-11,13),(16.6159,-10,13),(16.7249,-9,13),(16.8339,-8,13),(16.9429,-7,13),(17.0519,-6,13),(17.1609,-5,13),(17.2699,-4,13),(17.3789,-3,13),(17.4879,-2,13),(17.5969,-1,13),(17.7059,0,13),(17.8149,1,13),(17.9239,2,13),(18.0329,3,13),(18.1419,4,13),(18.2509,5,13),(18.3599,6,13),(18.4689,7,13),(18.5779,8,13),(18.6869,9,13),(18.7949,9,12),(18.9039,10,12),(19.0119,10,11),(19.1209,11,11),(19.2289,11,10),(19.3379,12,10),(19.4459,12,9)
16.4000,2,1,3.2580,3
(16.5039,-11,14),(16.6129,-10,14),(16.7219,-9,14),(16.8309,-8,14),(16.9375,0),(17.0448,-7,13),(17.1609,-6,13),(17.2699,-5,13),(17.3789,-4,13),(17.4879,-3,13),(17.5969,-2,13),(17.7059,-1,13),(17.8149,0,13),(17.9239,1,13),(18.0329,2,13),(18.1419,3,13),(18.2509,4,13),(18.3599,5,13),(18.4689,6,13),(18.5779,7,13),(18.6869,8,13),(18.7959,9,13),(18.9039,9,12),(19.0129,10,12),(19.1209,10,11),(19.2299,11,11),(19.3379,11,10),(19.4469,12,10),(19.5549,12,9)
16.4000,2,1,3.3670,3
(16.5062,-12,14),(16.6152,-11,14),(16.7242,-10,14),(16.8332,-9,14),(16.9422,-8,14),(17.0488,0),(17.1561,-7,13),(17.2699,-6,13),(17.3789,-5,13),(17.4879,-4,13),(17.5969,-3,13),(17.7059,-2,13),(17.8149,-1,13),(17.9239,0,13),(18.0329,1,13),(18.1419,2,13),(18.2509,3,13),(18.3599,4,13),(18.4689,5,13),(18.5779,6,13),(18.6869,7,13),(18.7959,8,13),(18.9049,9,13),(19.0129,9,12),(19.1219,10,12),(19.2299,10,11),(19.3389,11,11),(19.4469,11,10),(19.5559,12,10),(19.6639,12,9)
16.4000,2,1,3.4693,1
(16.6079,-11,14),(16.7159,-11,13),(16.8239,-11,12),(16.9319,-11,11),(17.0399,-11,10),(17.1479,-11,9),(17.2559,-11,8),(17.3649,-10,8),(17.4739,-9,8),(17.5829,-8,8),(17.6919,-7,8),(17.8009,-6,8),(17.9099,-5,8),(18.0189,-4,8),(18.1279,-3,8),(18.2369,-2,8),(18.3459,-1,8),(18.4549,0,8),(18.5639,1,8),(18.6729,2,8),(18.7819,3,8),(18.8909,4,8),(18.9999,5,8),(19.1089,6,8),(19.2179,7,8),(19.3269,8,8),(19.4359,9,8),(19.5449,10,8),(19.6539,11,8),(19.7629,12,8)