0.0000,0,1,1.5412,1
(0.1057,1,1),(0.2147,2,1),(0.3237,3,1),(0.4327,4,1),(0.5417,5,1),(0.6538,6,2),(0.7658,7,3),(0.8778,8,4),(0.9899,9,5),(1.1019,10,6),(1.2140,11,7),(1.3260,12,8),(1.4380,13,9)
0.0000,0,2,1.6555,1
(0.1058,0,1),(0.2138,0,2),(0.3218,0,3),(0.4298,0,4),(0.5419,-1,5),(0.6539,-2,6),(0.7660,-3,7),(0.8780,-4,8),(0.9900,-5,9),(1.1021,-6,10),(1.2141,-7,11),(1.3262,-8,12),(1.4382,-9,13),(1.5502,-10,14)
4.7000,0,1,1.6478,1
(4.8042,0,1),(4.9132,1,1),(5.0222,2,1),(5.1312,3,1),(5.2402,4,1),(5.3492,5,1),(5.4613,6,2),(5.5733,7,3),(5.6854,8,4),(5.7974,9,5),(5.9095,10,6),(6.0215,11,7),(6.1335,12,8),(6.2456,13,9)
4.7000,0,2,1.5511,1
(4.8042,0,1),(4.9163,-1,2),(5.0283,-2,3),(5.1363,-2,4),(5.2484,-3,5),(5.3604,-4,6),(5.4725,-5,7),(5.5845,-6,8),(5.6965,-7,9),(5.8086,-8,10),(5.9206,-9,11),(6.0327,-10,12),(6.1447,-11,13)
16.4000,0,1,1.5412,1
(16.5051,0,1),(16.6141,1,1),(16.7231,2,1),(16.8321,3,1),(16.9411,4,1),(17.0501,5,1),(17.1622,6,2),(17.2742,7,3),(17.3862,8,4),(17.4983,9,5),(17.6103,10,6),(17.7224,11,7),(17.8344,12,8)
16.4000,0,2,1.6555,1
(16.5065,-1,1),(16.6145,-1,2),(16.7225,-1,3),(16.8305,-1,4),(16.9425,-2,5),(17.0546,-3,6),(17.1666,-4,7),(17.2786,-5,8),(17.3907,-6,9),(17.5027,-7,10),(17.6148,-8,11),(17.7268,-9,12),(17.8389,-10,13),(17.9509,-11,14)